boss 1232 840 100 100 0

vertical-wall Resources/vertical-wall.png 785 840 80 200 1 1 0
vertical-wall Resources/vertical-wall.png 1740 840 80 200 1 1 0

ground 800 914 32 32 1 1 0
ground 832 914 32 32 1 1 0
ground 864 914 32 32 1 1 0
ground 896 914 32 32 1 1 0
ground 928 914 32 32 1 1 0
ground 960 914 32 32 1 1 0
ground 992 914 32 32 1 1 0
ground 1024 914 32 32 1 1 0
ground 1056 914 32 32 1 1 0
ground 1088 914 32 32 1 1 0
ground 1120 914 32 32 1 1 0
ground 1152 914 32 32 1 1 0
ground 1184 914 32 32 1 1 0
ground 1216 914 32 32 1 1 0
ground 1248 914 32 32 1 1 0
ground 1280 914 32 32 1 1 0
ground 1312 914 32 32 1 1 0
ground 1344 914 32 32 1 1 0
ground 1376 914 32 32 1 1 0
ground 1408 914 32 32 1 1 0
ground 1440 914 32 32 1 1 0
ground 1472 914 32 32 1 1 0
ground 1504 914 32 32 1 1 0
ground 1536 914 32 32 1 1 0
ground 1568 914 32 32 1 1 0
ground 1600 914 32 32 1 1 0
ground 1632 914 32 32 1 1 0
ground 1664 914 32 32 1 1 0
ground 1696 914 32 32 1 1 0
ground 1728 914 32 32 1 1 0
ground 1760 914 32 32 1 1 0
ground 1792 914 32 32 1 1 0
ground 1824 914 32 32 1 1 0
ground 1856 914 32 32 1 1 0
ground 1888 914 32 32 1 1 0
ground 1914 914 32 32 1 1 0
ground 1952 914 32 32 1 1 0
ground 1984 914 32 32 1 1 0
ground 2016 914 32 32 1 1 0
ground 2048 914 32 32 1 1 0
ground 2080 914 32 32 1 1 0
ground 2112 914 32 32 1 1 0
ground 2144 914 32 32 1 1 0
ground 2176 914 32 32 1 1 0
ground 2208 914 32 32 1 1 0
ground 2240 914 32 32 1 1 0
ground 2272 914 32 32 1 1 0
ground 2304 914 32 32 1 1 0
ground 2336 914 32 32 1 1 0
ground 2368 914 32 32 1 1 0
ground 2400 914 32 32 1 1 0
ground 2432 914 32 32 1 1 0
ground 2464 914 32 32 1 1 0
ground 2496 914 32 32 1 1 0
